intrinsic:
1051.3980360735304 0.0 977.8834822788453 
0.0 1054.0124050929246 538.3955012019604 
0.0 0.0 1.0 
distortion:
0.06250615676440988 -0.0991661522705476 -0.0007922920717795642 0.00019673295456116037 0.05017262461874244 
