intrinsic:
741.8349384042391 0.0 541.1413540432189 
0.0 740.8375747096137 313.3569057670576 
0.0 0.0 1.0 
distortion:
0.0982431891473047 -0.16251502298992176 0.003948899140699637 0.0073880352007746775 -0.002793496677347261 
