intrinsic:
734.899680811046 0.0 530.4961559830832 
0.0 735.9989872198064 307.806319243943 
0.0 0.0 1.0 
distortion:
0.04106901836799709 -0.0739628149382266 0.0007880765977264285 -0.00015284321449782686 -0.12887510782732686 
